boardpositions = 
[
[(12.5, 10.0), (12.5, 82.5), (12.5, 155.0), (12.5, 227.5), (12.5, 300.0), (12.5, 372.5), (12.5, 445.0), (12.5, 517.5)],
[(85.0, 10.0), (85.0, 82.5), (85.0, 155.0), (85.0, 227.5), (85.0, 300.0), (85.0, 372.5), (85.0, 445.0), (85.0, 517.5)],
[(157.5, 10.0), (157.5, 82.5), (157.5, 155.0), (157.5, 227.5), (157.5, 300.0), (157.5, 372.5), (157.5, 445.0), (157.5, 517.5)],
[(230.0, 10.0), (230.0, 82.5), (230.0, 155.0), (230.0, 227.5), (230.0, 300.0), (230.0, 372.5), (230.0, 445.0), (230.0, 517.5)],
[(302.5, 10.0), (302.5, 82.5), (302.5, 155.0), (302.5, 227.5), (302.5, 300.0), (302.5, 372.5), (302.5, 445.0), (302.5, 517.5)],
[(375.0, 10.0), (375.0, 82.5), (375.0, 155.0), (375.0, 227.5), (375.0, 300.0), (375.0, 372.5), (375.0, 445.0), (375.0, 517.5)],
[(447.5, 10.0), (447.5, 82.5), (447.5, 155.0), (447.5, 227.5), (447.5, 300.0), (447.5, 372.5), (447.5, 445.0), (447.5, 517.5)],
[(520.0, 10.0), (520.0, 82.5), (520.0, 155.0), (520.0, 227.5), (520.0, 300.0), (520.0, 372.5), (520.0, 445.0), (520.0, 517.5)]
]



boardpositions[0][3] = (12.5, 227.5)
boardpositions[0][4] = (12.5, 300.0)


boardposition[column][row] to move down, add row +1, to move up, remove row -1

